(1748, 1417)
(2862, 3154)
(1134, 3694)
(4219, 2441)
(1407, 2258)
(3200, 2079)
(2571, 3577)
(3371, 63)
(1535, 784)
(356, 2596)
(3840, 4293)
(3712, 4176)
(229, 1801)
(4111, 3379)
(2722, 4053)
(116, 3666)
(139, 2524)
(4241, 1530)
(2539, 2847)
(2849, 3110)
(3166, 3631)
(3615, 1050)
(1880, 2836)
(1756, 1410)
(2733, 2815)
(3237, 2286)
(4399, 2817)
(3721, 3644)
(585, 937)
(2891, 2027)
(2646, 269)
(2528, 1635)
(147, 562)
(4296, 503)
(3910, 1000)
(4250, 622)
(1552, 4422)
(2700, 3568)
(4164, 196)
(4470, 3629)
(678, 1829)
(1620, 1791)
(4525, 1005)
(2100, 4339)
(445, 2305)
(4295, 1403)
(3476, 1991)
(1320, 4528)
(198, 1448)
(2666, 4484)
(665, 3034)
(4515, 4538)
(2527, 2041)
(771, 3515)
(981, 3646)
(191, 2015)
(2817, 1611)
(3121, 2471)
(2466, 3584)
(2420, 4114)
(2261, 4420)
(179, 928)
(2171, 2575)
(2596, 3353)
(1666, 4498)
(3787, 1588)
(461, 3199)
(1368, 2866)
(2401, 2822)
(4415, 976)
(373, 105)
(1195, 2208)
(3226, 2250)
(4049, 563)
(3733, 1610)
(2944, 1904)
(4350, 1338)
(518, 1526)
(1497, 3678)
(2911, 1957)
(3868, 1633)
(188, 115)
(3833, 2451)
(1504, 416)
(2673, 2894)
(1244, 3413)
(1452, 2161)
(3395, 244)
(1153, 4013)
(1911, 2446)
(4186, 226)
(1717, 1280)
(554, 524)
(2899, 660)
(4512, 1072)
(4426, 90)
(3327, 3873)
(4480, 4295)
(3132, 4222)
(1934, 3437)
(3889, 3269)
(2552, 350)
(1195, 1874)
(754, 1602)
(1234, 4141)
(384, 3833)
(3613, 3666)
(4006, 1570)
(406, 3900)
(309, 3323)
(1974, 3225)
(1276, 2461)
(3664, 4355)
(1592, 3819)
(3769, 2873)
(3024, 3987)
(2991, 3400)
(1694, 4203)
(2234, 1404)
(4018, 2521)
(96, 2205)
(395, 2367)
(3095, 1385)
(388, 3812)
(4033, 1980)
(3453, 1341)
(1232, 880)
(1552, 3894)
(3037, 1258)
(4449, 2587)
(3930, 538)
(2380, 139)
(3724, 2580)
(2045, 3348)
(2097, 1769)
(569, 2811)
(3217, 1542)
(3916, 4263)
(1039, 1803)
(1914, 3760)
(2671, 2033)
(2508, 2115)
(1042, 1026)
(2767, 1968)
(1087, 587)
(3573, 169)
(2960, 1005)
(1968, 3030)
(3278, 3409)
(1805, 1096)
(4154, 3974)
(4086, 673)
(57, 590)
(236, 4227)
(327, 1536)
(3386, 1163)
(1513, 3165)
(1037, 1282)
(800, 772)
(1852, 2141)
(2527, 1883)
(2613, 417)
(3789, 3206)
(1912, 3950)
(3359, 2783)
(633, 71)
(1469, 2632)
(3640, 3107)
(1190, 4075)
(3620, 2996)
(4523, 1054)
(2157, 3967)
(1560, 3003)
(760, 812)
(3545, 887)
(1436, 4485)
(4328, 3946)
(3101, 424)
(1581, 3014)
(3167, 2076)
(1033, 2463)
(1161, 2624)
(4015, 3926)
(4323, 3246)
(372, 1057)
(2265, 1983)
(3298, 4527)
(4302, 2018)
(3650, 1262)
(2191, 4239)
(1134, 2290)
(1696, 1233)
(584, 2071)
(3782, 4357)
(1511, 1054)
(1236, 3156)
(2971, 676)
(4083, 663)
(2454, 3074)
(4038, 1068)
(4301, 2183)
(304, 3571)
(961, 2676)
(3889, 4021)
(2880, 3697)
(866, 207)
(3193, 836)
(1086, 3458)
(3471, 1620)
(380, 3978)
(2462, 3999)
(3497, 2419)
(1523, 4366)
(4211, 4190)
(638, 3842)
(3073, 4036)
(1656, 3560)
(2218, 3222)
(2844, 3395)
(4099, 3912)
(2985, 552)
(386, 1667)
(1201, 2215)
(1233, 1795)
(3976, 3148)
(3777, 4201)
(2201, 1218)
(2248, 4531)
(214, 758)
(2715, 245)
(3968, 2738)
(1834, 2936)
(4285, 4369)
(1292, 284)
(1841, 864)
(464, 2190)
(1907, 4373)
(331, 2304)
(2740, 3090)
(4161, 826)
(2597, 629)
(2090, 3863)
(4140, 1929)
(313, 478)
(4048, 2343)
(3871, 134)
(69, 2852)
(3264, 515)
(1397, 2943)
(169, 2363)
(4173, 88)
(1275, 3964)
(3613, 1409)
(157, 3196)
(2477, 4086)
(1079, 2440)
(2177, 4270)
(1610, 2697)
(1851, 1373)
(1043, 1742)
(4397, 3556)
(2288, 4171)
(1131, 1416)
(4006, 880)
(3544, 1681)
(4365, 929)
(399, 3218)
(3410, 228)
(176, 1248)
(393, 4531)
(1266, 1817)
(1143, 4421)
(371, 4289)
(1860, 1041)
(2137, 1198)
(2423, 1868)
(3437, 369)
(687, 1332)
(693, 2952)
(3101, 2469)
(3176, 3378)
(37, 1331)
(2178, 1631)
(3381, 120)
(1730, 2067)
(2196, 1345)
(2871, 1703)
(4442, 886)
(3786, 3693)
(3883, 3085)
(3985, 3698)
(3981, 2657)
(2813, 3061)
(1370, 2994)
(1203, 1121)
(4181, 2046)
(3644, 360)
(3438, 4581)
(2700, 2485)
(3799, 1168)
(1785, 3286)
(2415, 2888)
(3322, 2886)
(1519, 3098)
(2000, 3509)
(99, 3264)
(3244, 3325)
(2125, 3618)
(2783, 2491)
(3457, 2069)
(4233, 1345)
(2634, 2894)
(2796, 4333)
(1700, 3367)
(3363, 1912)
(4188, 1888)
(3646, 332)
(1492, 1654)
(1140, 2436)
(864, 4510)
(1129, 811)
(2936, 174)
(3806, 3152)
(1813, 1152)
(3518, 3956)
(4037, 3044)
(2779, 1486)
(3223, 3995)
(1980, 3824)
(95, 2690)
(1463, 870)
(4485, 4197)
(1801, 282)
(3472, 1089)
(2376, 2081)
(890, 583)
(2183, 3697)
(1003, 832)
(2984, 1363)
(3469, 3912)
(2950, 608)
(277, 832)
(3684, 1745)
(2901, 4349)
(33, 188)
(2502, 2457)
(1652, 159)
(2041, 2558)
(1141, 3167)
(3984, 4295)
(4525, 3189)
(3191, 2169)
(597, 3733)
(1816, 1523)
(1096, 1237)
(4123, 339)
(3044, 3737)
(2002, 2555)
(662, 973)
(3461, 4318)
(2742, 3782)
(1981, 2754)
(4089, 443)
(2858, 3572)
(3503, 1502)
(1447, 4068)
(3071, 144)
(409, 1082)
(246, 492)
(509, 4)
(3387, 4404)
(4390, 552)
(2458, 1303)
(1027, 3784)
(1336, 4161)
(3909, 2970)
(914, 1084)
(4532, 2959)
(1952, 1252)
(386, 3087)
(1160, 3147)
(1889, 4227)
(3230, 995)
(3418, 3811)
(1120, 1206)
(745, 2202)
(2692, 3101)
(3461, 2219)
(4316, 2917)
(4176, 507)
(4426, 4131)
(1875, 2264)
(3094, 4549)
(3592, 2430)
(3098, 696)
(4285, 780)
(2614, 3728)
(258, 1310)
(357, 277)
(1375, 519)
(636, 1042)
(748, 554)
(693, 1137)
(2602, 2331)
(2171, 3589)
(787, 1021)
(1699, 775)
(312, 1926)
(643, 4196)
(1484, 2121)
(3840, 4270)
(3107, 2383)
(1964, 761)
(1473, 2904)
(3653, 1614)
(56, 3574)
(2863, 3799)
(1722, 2619)
(2793, 1537)
(306, 3128)
(4061, 3350)
(2202, 388)
(1433, 223)
(1379, 1067)
(3846, 3330)
(688, 3265)
(3989, 1865)
(3979, 4511)
(64, 1054)
(1882, 4269)
(3117, 413)
(1728, 775)
(3716, 3733)
(2778, 2512)
(504, 3463)
(2801, 2681)
(308, 3689)
(1932, 1147)
(3096, 1513)
(4409, 923)
(4229, 4520)
(1139, 1246)
(858, 3654)
(3555, 2329)
(4154, 2446)
(2648, 1004)
(1528, 2550)
(2192, 199)
(4321, 85)
(1758, 2087)
(187, 4016)
(735, 3785)
(2316, 1036)
(4491, 1252)
(2474, 870)
(1542, 3255)
(2396, 4313)
(2809, 1626)
(591, 1029)
(4106, 891)
(4486, 1986)
(1174, 3998)
(1721, 297)
(2335, 611)
(2307, 233)
(2238, 353)
(1050, 6)
(3637, 859)
(296, 3691)
(1297, 4510)
(4453, 634)
(3372, 3978)
(3765, 2823)
(3934, 151)
(1589, 3823)
(320, 1244)
(660, 3423)
(2649, 125)
(3682, 83)
(2097, 2958)
(1146, 4421)
(4345, 4491)
(628, 68)
(2073, 2754)
(2114, 1918)
(20, 64)
(2198, 1887)
(3212, 1921)
(853, 212)
(2184, 346)
(1373, 663)
(2837, 217)
(14, 1819)
(4500, 4189)
(2435, 2536)
(2385, 2941)
(2548, 3469)
(2024, 3060)
(3316, 327)
(1078, 939)
(1197, 3101)
(2981, 2661)
(64, 3209)
(2693, 279)
(736, 1653)
(3291, 3840)
(2765, 672)
(3560, 4324)
(3772, 2732)
(2636, 2518)
(903, 2173)
(3262, 3049)
(1161, 2058)
(4481, 776)
(4152, 3662)
(3853, 4541)
(4157, 3940)
(1610, 3072)
(4042, 1257)
(905, 4050)
(442, 192)
(3510, 3023)
(3535, 4314)
(1632, 47)
(657, 3557)
(2650, 3657)
(950, 2496)
(2115, 3519)
(2645, 2465)
(2208, 2564)
(2675, 4055)
(2535, 1222)
(383, 1368)
(2977, 3399)
(2419, 19)
(3974, 4552)
(4159, 2332)
(3506, 4319)
(3357, 3671)
(861, 1046)
(3198, 3227)
(3846, 4209)
(1241, 494)
(453, 1703)
(4299, 3274)
(3334, 943)
(4279, 1270)
(127, 4168)
(2580, 1593)
(709, 1379)
(1749, 926)
(3456, 460)
(3979, 2254)
(4102, 3394)
(3451, 2941)
(4478, 2834)
(1459, 443)
(2259, 2365)
(1031, 1706)
(685, 3507)
(843, 2078)
(1229, 1138)
(424, 895)
(273, 1793)
(2186, 521)
(3103, 63)
(1936, 1812)
(1695, 1106)
(3291, 4041)
(2452, 1495)
(3412, 3191)
(254, 3806)
(4176, 4149)
(3200, 723)
(449, 380)
(708, 2551)
(1572, 3624)
(1193, 3359)
(1883, 4554)
(2116, 1894)
(3738, 1989)
(432, 2316)
(1358, 105)
(2480, 2964)
(3337, 3981)
(1510, 4261)
(4387, 1402)
(1500, 3113)
(1013, 2738)
(1788, 3978)
(955, 406)
(4445, 2208)
(2756, 3560)
(3754, 2788)
(2479, 868)
(3014, 800)
(242, 970)
(2113, 2326)
(299, 984)
(1862, 647)
(4202, 4410)
(3566, 1155)
(182, 3415)
(3336, 529)
(1330, 2222)
(548, 1064)
(2059, 1309)
(3481, 719)
(2716, 2709)
(3424, 1593)
(1223, 1221)
(2891, 2268)
(473, 3289)
(1204, 2769)
(94, 4493)
(4412, 2977)
(97, 3527)
(1522, 4277)
(2290, 532)
(3688, 2202)
(1120, 2080)
(1864, 1387)
(4334, 1552)
(1265, 1990)
(3462, 3845)
(748, 3584)
(3828, 4173)
(1306, 2345)
(4171, 3777)
(2682, 4082)
(3267, 207)
(1451, 1267)
(244, 50)
(9, 2451)
(2318, 2299)
(2539, 365)
(3936, 3351)
(3975, 1046)
(2483, 4212)
(3846, 38)
(2010, 2248)
(1464, 3731)
(83, 374)
(4088, 1226)
(1703, 1540)
(3363, 3323)
(2291, 156)
(1831, 486)
(1266, 158)
(2981, 3538)
(2834, 1658)
(3840, 1190)
(1582, 63)
(1121, 1114)
(3877, 1172)
(1995, 154)
(1862, 3072)
(553, 2111)
(1987, 35)
(876, 2890)
(1620, 185)
(4209, 4410)
(625, 2252)
(2029, 2245)
(3533, 3476)
(3582, 3628)
(2830, 1195)
(427, 3159)
(566, 4154)
(3422, 2153)
(843, 3027)
(48, 1571)
(2296, 184)
(352, 2813)
(1449, 525)
(1916, 2466)
(2573, 2409)
(91, 2974)
(3987, 137)
(2560, 4282)
(3498, 1836)
(1757, 3401)
(4493, 3047)
(1735, 2279)
(3190, 2004)
(1446, 4506)
(4019, 3155)
(4291, 2993)
(1104, 605)
(971, 3423)
(1723, 2214)
(3083, 3625)
(3706, 1572)
(2618, 1020)
(4240, 1667)
(4298, 3071)
(3812, 4101)
(856, 13)
(3136, 2127)
(2733, 471)
(1215, 765)
(629, 3791)
(2837, 2886)
(4309, 2560)
(1490, 3168)
(2691, 1299)
(4503, 2070)
(469, 1660)
(1146, 1176)
(3334, 3312)
(2879, 4201)
(1129, 2683)
(4115, 4114)
(4146, 3207)
(1562, 1537)
(4096, 3742)
(4222, 2795)
(2854, 3212)
(3055, 3946)
(3891, 4336)
(4362, 2535)
(2907, 2976)
(3406, 3915)
(2401, 1717)
(1868, 802)
(1705, 2204)
(2601, 3628)
(2723, 3688)
(3402, 371)
(1422, 1977)
(1202, 2016)
(1275, 3181)
(2060, 1699)
(1221, 984)
(19, 4359)
(3101, 4348)
(4084, 88)
(2013, 3885)
(2379, 1702)
(2804, 1103)
(1717, 2066)
(3833, 1540)
(2649, 1298)
(4387, 2717)
(4476, 1796)
(2805, 719)
(1264, 2555)
(2720, 4407)
(2320, 2259)
(895, 2681)
(414, 3567)
(4287, 2959)
(2441, 1683)
(1845, 41)
(2280, 1213)
(3129, 279)
(577, 3645)
(3749, 2089)
(4160, 87)
(2662, 3365)
(3877, 3817)
(1380, 1259)
(1761, 3695)
(2205, 73)
(2675, 198)
(3439, 2253)
(411, 645)
(2582, 2493)
(2190, 4457)
(2025, 1588)
(2357, 2155)
(883, 1784)
(1279, 1039)
(1194, 4419)
(428, 2163)
(3992, 4159)
(3892, 3327)
(707, 2559)
(3721, 2400)
(812, 1823)
(1296, 4058)
(879, 4183)
(504, 1702)
(3447, 2826)
(2012, 4233)
(3269, 1754)
(1648, 2312)
(2461, 824)
(1478, 1306)
(1023, 2202)
(120, 2970)
(759, 4259)
(4240, 2737)
(3135, 2210)
(4157, 3406)
(1682, 2326)
(110, 4072)
(4335, 4042)
(1955, 84)
(3248, 378)
(3879, 206)
(3507, 46)
(340, 3424)
(4125, 2903)
(2055, 4460)
(3803, 2954)
(4417, 4129)
(2526, 2709)
(1031, 2268)
(3341, 2321)
(3202, 3847)
(4166, 3812)
(3695, 1197)
(2280, 2632)
(1300, 1549)
(2425, 272)
(1972, 2014)
(4201, 3872)
(977, 1354)
(2033, 1464)
(2036, 3514)
(1071, 438)
(4122, 2284)
(3228, 1734)
(2021, 3506)
(4290, 3529)
(4110, 1453)
(311, 2248)
(2782, 4521)
(3638, 1026)
(4097, 963)
(1326, 1358)
(1710, 315)
(3256, 4505)
(1460, 3252)
(3248, 126)
(3605, 575)
(2744, 1047)
(1603, 1183)
(2499, 1065)
(4377, 4513)
(267, 1007)
(291, 1244)
(2205, 3312)
(78, 2578)
(2698, 1350)
(942, 3930)
(3743, 3512)
(3833, 1642)
(143, 4283)
(3318, 3502)
(2068, 4419)
(922, 1272)
(3010, 1734)
(3838, 368)
(2846, 133)
(1941, 886)
(313, 4567)
(85, 4216)
(2115, 238)
(16, 3172)
(3503, 2658)
(1818, 4120)
(1116, 519)
(202, 1321)
(182, 4554)
(631, 4021)
(1562, 1)
(4142, 2101)
(3510, 3282)
(3652, 1465)
(1222, 668)
(1713, 3091)
(425, 1669)
(2290, 1486)
(1506, 1121)
(4091, 4443)
(786, 2400)
(3134, 2571)
(338, 759)
(3718, 4512)
(335, 1372)
(854, 3879)
(3470, 2736)
(4479, 4087)
(1505, 545)
(1755, 4417)
(3576, 2909)
(3283, 2450)
(1734, 1393)
(2266, 4187)
(138, 2668)
(3114, 3970)
(3315, 800)
(2383, 3346)
(2466, 3213)
(3450, 2458)
(3476, 3404)
(3768, 290)
(2810, 4001)
(3464, 2552)
(824, 246)
(1859, 3159)
(1608, 441)
(4484, 1775)
(436, 1097)
(3903, 995)
(2511, 1384)
(2483, 3673)
(118, 1667)
(4070, 887)
(1270, 766)
(1562, 3845)
(2155, 1672)
(3905, 204)
(1998, 301)
(1175, 4233)
(1092, 4521)
(3206, 206)
(1464, 3442)
(3441, 2590)
(4213, 442)
(4386, 921)
(354, 2075)
(2456, 2116)
(4149, 96)
(536, 1500)
(3705, 122)
(597, 3021)
(2089, 385)
(2699, 1033)
(3956, 1232)
(4271, 2085)
(3854, 541)
(3700, 1356)
(724, 1484)
(3642, 3909)
(1601, 1547)
(1342, 833)
(940, 1943)
(1887, 1428)
(2619, 268)
(4375, 2458)
(443, 1527)
(2379, 2728)
(2496, 912)
(1608, 2261)
(959, 2295)
(2107, 1775)
(272, 3678)
(3110, 4013)
(1694, 397)
(1697, 549)
(1982, 150)
(4489, 3187)
(2842, 1809)
(1897, 1280)
(3198, 4193)
(2818, 3935)
(1241, 1778)
(3895, 1670)
(2421, 174)
(1732, 1342)
(3652, 964)
(1197, 1467)
(1390, 3827)
(1612, 4137)
(3409, 1794)
(1104, 3487)
(702, 887)
(141, 3946)
(2211, 2423)
(965, 280)
(384, 2744)
(219, 2805)
(3024, 3836)
(4034, 4143)
(1997, 207)
(3431, 1887)
(1044, 2497)
(2240, 3222)
(1968, 4111)
(256, 2558)
(1634, 4514)
(3310, 4280)
(2122, 2725)
(1323, 4351)
(2811, 2014)
(3834, 3159)
(1701, 4088)
(649, 2239)
(1742, 3021)
(717, 736)
(1786, 2243)
(1542, 1990)
(280, 1302)
(4393, 3414)
(3449, 3832)
