(0, 0)
(1, 1)
(1, 3)
(1, 7)
(1, 15)
(1, 31)
(1, 63)
(1, 127)
(1, 255)
(1, 511)
(1, 1023)
(2, 2)
(2, 6)
(2, 14)
(2, 30)
(2, 62)
(2, 126)
(2, 254)
(2, 510)
(2, 1022)
(3, 1)
(3, 3)
(3, 5)
(3, 9)
(3, 13)
(3, 21)
(3, 29)
(3, 45)
(3, 61)
(3, 93)
(3, 125)
(3, 189)
(3, 253)
(3, 381)
(3, 509)
(3, 765)
(3, 1021)
(3, 1533)
(4, 4)
(4, 12)
(4, 28)
(4, 60)
(4, 124)
(4, 252)
(4, 508)
(4, 1020)
(5, 3)
(5, 5)
(5, 11)
(5, 15)
(5, 27)
(5, 35)
(5, 59)
(5, 75)
(5, 123)
(5, 155)
(5, 251)
(5, 315)
(5, 507)
(5, 635)
(5, 1019)
(5, 1275)
(6, 2)
(6, 6)
(6, 10)
(6, 18)
(6, 26)
(6, 42)
(6, 58)
(6, 90)
(6, 122)
(6, 186)
(6, 250)
(6, 378)
(6, 506)
(6, 762)
(6, 1018)
(6, 1530)
(7, 1)
(7, 7)
(7, 9)
(7, 21)
(7, 25)
(7, 49)
(7, 57)
(7, 105)
(7, 121)
(7, 217)
(7, 249)
(7, 441)
(7, 505)
(7, 889)
(7, 1017)
(7, 1785)
(8, 8)
(8, 24)
(8, 56)
(8, 120)
(8, 248)
(8, 504)
(8, 1016)
(9, 3)
(9, 7)
(9, 9)
(9, 15)
(9, 23)
(9, 27)
(9, 39)
(9, 55)
(9, 63)
(9, 87)
(9, 119)
(9, 135)
(9, 183)
(9, 247)
(9, 279)
(9, 375)
(9, 503)
(9, 567)
(9, 759)
(9, 1015)
(9, 1143)
(9, 1527)
